xpos,yvalue
1,13.582012808778273
2,13.884211053717866
3,15.194924976193306
4,15.22936946735551
5,15.40568970114319
6,15.4870846997098
7,16.454251167214856
8,16.61324198351991
9,16.825782711410397
10,16.95669906958297
11,17.191837372154836
12,17.783659916984615
13,18.527060084100448
14,18.671979506876443
15,18.757765481781604
16,18.882479724455706
17,18.885538069094913
18,18.964730623008446
19,18.976551646706167
20,18.985617852369263
21,19.207825738650996
22,19.23974318769021
23,19.628155578341477
24,19.69100367913432
25,19.717507128337374
26,19.743452200224805
27,19.824869441219363
28,19.914731847858565
29,20.23170608794104
30,20.243573485359295
31,20.426798405779046
32,20.459877156614677
33,20.49080230614168
34,20.533615012077064
35,20.632448131396515
36,20.925647477573804
37,20.937258063650543
38,21.086976315302785
39,21.09490427661263
40,21.251003339381764
41,21.278406245348794
42,21.374179356171336
43,21.418547448636524
44,21.451908755345464
45,21.530116502239256
46,21.556022090004152
47,21.56737262539788
48,21.59795080146399
49,21.622692227380774
50,21.674410722321497
51,21.719317850077864
52,21.727316668940695
53,21.74207454298078
54,21.76476348133075
55,21.809650058166092
56,22.09686865904386
57,22.161217516434846
58,22.19452687416391
59,22.21501697526528
60,22.324756487965747
61,22.363329384876074
62,22.365724410994197
63,22.374300336417264
64,22.427345742089273
65,22.44495911723469
66,22.534973530174263
67,22.569648643990373
68,22.58971337236954
69,22.743254881065695
70,22.752659536698786
71,22.7569454947297
72,22.782244485809837
73,22.82140705882565
74,22.876869202449548
75,22.906136179509772
76,22.915739833876803
77,23.158037000488836
78,23.175149019238148
79,23.71019427898865
80,23.719868830467114
81,23.829350403856058
82,23.98549596695578
83,24.034179026133113
84,24.061921776750253
85,24.085711601152767
86,24.100095148415576
87,24.114499403392962
88,24.140699373582592
89,24.158963132239958
90,24.199364208830296
91,24.21329560840678
92,24.286877415007467
93,24.339987269227088
94,24.357021237538792
95,24.361862590308085
96,24.43475751512308
97,24.505252489795488
98,24.67767356024109
99,24.686274442375566
100,25.1364461637781
101,25.142467678916827
102,25.18057353953151
103,25.2028380573024
104,25.227620254331853
105,25.231364061050296
106,25.286773274427368
107,25.30731115186889
108,25.44749853201477
109,25.450353854088608
110,25.470559845515012
111,25.515686659407617
112,25.58824693700806
113,25.673638031553182
114,25.777139585290556
115,25.879639645370098
116,25.99238234399988
117,26.07327048949816
118,26.088072205485297
119,26.18247380658653
120,26.327347811743834
121,26.32981279535324
122,26.334816305701732
123,26.393023796322588
124,26.45279436234549
125,26.47546118374544
126,26.494037617145025
127,26.51275091767718
128,26.516765751318665
129,26.62151538611118
130,26.62895508370398
131,26.679843818470555
132,26.747741483728234
133,26.753387458034716
134,26.792809062036405
135,26.873374911410323
136,27.014249441717713
137,27.01919296307566
138,27.042626105748255
139,27.19668460112379
140,27.36768136200629
141,27.534698406245354
142,27.540787844714217
143,27.61054320462322
144,27.611048845728202
145,27.625060363554095
146,27.686252887040148
147,27.761229983236255
148,27.8681354788038
149,27.95854933553528
150,28.126624829177338
151,28.187999126354075
152,28.217088119431484
153,28.301045243707293
154,28.35429622536651
155,28.369932769164837
156,28.41220437076668
157,28.5041342348429
158,28.628174521995327
159,28.722065706666342
160,28.75764735263333
161,28.88439416093118
162,28.888793242783855
163,28.919286435619654
164,28.94849540201502
165,28.95115533634347
166,29.022174347140172
167,29.114045482743556
168,29.1434446117165
169,29.1519511140408
170,29.24854957021774
171,29.30622930171293
172,29.376518031909225
173,29.41378019437924
174,29.440335842776506
175,29.46455876471985
176,29.478982637317497
177,29.505096519933332
178,29.673415993794144
179,29.74733017694302
180,29.80104368713078
181,29.807354946814584
182,29.826428694184017
183,29.891948728230993
184,30.188199145225898
185,30.197025749266906
186,30.233455315009365
187,30.27086291172513
188,30.272713619187638
189,30.30308489165111
190,30.33098869744765
191,30.4168792731612
192,30.434795058022686
193,30.632598428582373
194,30.63421046053218
195,30.640717156809302
196,30.643205113019405
197,30.887732688156294
198,30.94870055752978
199,30.974737744679146
200,31.09200952093768
201,31.171480281457512
202,31.218931865698735
203,31.261611575201407
204,31.27288387357718
205,31.332688414137984
206,31.343564111431625
207,31.376242877129272
208,31.38366444820629
209,31.525304942673884
210,31.558111301747328
211,31.59493220631445
212,31.656009759553694
213,31.683586748915623
214,31.713820537680498
215,31.71813968772783
216,31.85926409375331
217,31.88604897488359
218,31.93235707651194
219,31.977405957455606
220,31.99911327626664
221,32.0379172677625
222,32.12062794089856
223,32.16178208656738
224,32.38092548451246
225,32.42674830048656
226,32.43042760220072
227,32.444353618132325
228,32.47233012434972
229,32.48417369823683
230,32.547455330427525
231,32.565136812502296
232,32.621021510251055
233,32.621243088078224
234,32.664598152353676
235,32.712170205891454
236,32.72808068273996
237,32.77998252676009
238,32.78384572438409
239,32.7864882656541
240,32.797178269371365
241,32.80139985537637
242,32.8269067193331
243,32.835341318396495
244,32.84313860752329
245,32.877987981617565
246,32.89177593812842
247,32.90153209267698
248,32.972388959505615
249,32.99813639160935
250,33.01507158861959
251,33.073346844661735
252,33.1304107533297
253,33.15818224713672
254,33.19727927927296
255,33.20893894483223
256,33.24698443655345
257,33.25636999225761
258,33.3638874777046
259,33.44647970697962
260,33.515830547090644
261,33.54581351576196
262,33.55896888591653
263,33.58441373936929
264,33.6060972440083
265,33.63984273154842
266,33.695664903150124
267,33.73159432643422
268,33.740881665334264
269,33.76305590452349
270,33.770563503611505
271,33.77458857858681
272,33.78840131770269
273,33.840189431932004
274,33.88066479229683
275,33.9105562532075
276,33.91900797257715
277,33.96982637550859
278,34.06063613108317
279,34.09376511860346
280,34.09459133316311
281,34.10343597159677
282,34.103642349977356
283,34.10439141251964
284,34.12713886150725
285,34.2873674824161
286,34.35229046531561
287,34.360353993658855
288,34.36152954213746
289,34.380205931124365
290,34.39068522645047
291,34.39081836260507
292,34.42168615665813
293,34.43285931050152
294,34.4853045054291
295,34.5208716167646
296,34.53036384939894
297,34.53774768435757
298,34.5696793337824
299,34.6177327211053
300,34.63469271146017
301,34.69658595883062
302,34.729828514424916
303,34.843334804981026
304,34.86050429705669
305,34.86118389265932
306,34.869367392598924
307,34.8699334177942
308,34.9013359087743
309,34.90867789559884
310,34.949588301204685
311,35.058614295057346
312,35.16070654166883
313,35.18478241604224
314,35.37881974899826
315,35.46264877612697
316,35.547945759118356
317,35.660282822003786
318,35.67390652707226
319,35.68944306963943
320,35.702768753196835
321,35.707454368769504
322,35.73900098519658
323,35.830425310951036
324,35.90131514205092
325,35.98420137391215
326,36.0916699491476
327,36.15469253141467
328,36.3704463369138
329,36.40775393427211
330,36.43417547217318
331,36.4736833263229
332,36.50310337013788
333,36.51127071180411
334,36.52494473111058
335,36.54200069462335
336,36.564174537934434
337,36.57169867367346
338,36.59507540486838
339,36.65884183881041
340,36.658968058764934
341,36.69930007727635
342,36.71489912958591
343,36.80698470901917
344,37.29766444941889
345,37.3414535619155
346,37.39019670555973
347,37.5408817197006
348,37.54519635387021
349,37.65964126255171
350,37.70454664528032
351,37.75343103219447
352,37.86250251901811
353,37.868740290837756
354,38.0523014048444
355,38.21438080064837
356,38.247772975738
357,38.31522201545227
358,38.45730712489638
359,38.48133772863474
360,38.526156903390174
361,38.65323306111692
362,38.67420418824644
363,38.69956132119619
364,38.72097508418133
365,38.74209801861865
366,38.78129408484583
367,39.002677332886144
368,39.14382191908568
369,39.14503207416836
370,39.169633897731934
371,39.318732470767245
372,39.32397764737148
373,39.53322925430237
374,39.569250624236936
375,39.57167446434116
376,39.5808282213076
377,39.61153061342168
378,39.688376737040784
379,39.9521884579104
380,39.96761649488933
381,40.04835354261678
382,40.110648239704716
383,40.11623495132058
384,40.16861691424678
